FRACTURE 1
Ne  72
N	I	J	K	PV	AREA	DMEAN	TMF
1	8	13	8	19.8017	1980.17	61.1767	0.276002
2	7	14	8	13.2564	1325.64	113.041	0.0999966
3	8	14	8	18.4683	1846.83	96.1104	0.163853
4	7	15	8	31.7247	3172.47	57.2192	0.472772
5	6	16	8	23.7633	2376.33	81.2512	0.249387
6	7	16	8	7.95945	795.945	131.922	0.0514473
7	5	17	8	2.54752	254.752	152.266	0.0142663
8	6	17	8	29.1772	2917.72	69.21	0.359477
9	5	18	8	17.3532	1735.32	61.408	0.240963
10	8	13	9	22.6698	2266.98	61.1767	0.315978
11	7	14	9	15.1764	1517.64	113.041	0.11448
12	8	14	9	21.1433	2114.33	96.1104	0.187585
13	7	15	9	36.3197	3631.97	57.2192	0.541248
14	6	16	9	27.2052	2720.52	81.2512	0.285508
15	7	16	9	9.11229	911.229	131.922	0.0588989
16	5	17	9	2.91651	291.651	152.266	0.0163327
17	6	17	9	33.4032	3340.32	69.21	0.411543
18	5	18	9	19.8666	1986.66	61.408	0.275864
19	8	13	10	22.6698	2266.98	61.1767	0.315978
20	7	14	10	15.1764	1517.64	113.041	0.11448
21	8	14	10	21.1433	2114.33	96.1104	0.187585
22	7	15	10	36.3197	3631.97	57.2192	0.541248
23	6	16	10	27.2052	2720.52	81.2512	0.285508
24	7	16	10	9.11229	911.229	131.922	0.0588989
25	5	17	10	2.91651	291.651	152.266	0.0163327
26	6	17	10	33.4032	3340.32	69.21	0.411543
27	5	18	10	19.8666	1986.66	61.408	0.275864
28	8	13	11	22.6698	2266.98	61.1767	0.315978
29	7	14	11	15.1764	1517.64	113.041	0.11448
30	8	14	11	21.1433	2114.33	96.1104	0.187585
31	7	15	11	36.3197	3631.97	57.2192	0.541248
32	6	16	11	27.2052	2720.52	81.2512	0.285508
33	7	16	11	9.11229	911.229	131.922	0.0588989
34	5	17	11	2.91651	291.651	152.266	0.0163327
35	6	17	11	33.4032	3340.32	69.21	0.411543
36	5	18	11	19.8666	1986.66	61.408	0.275864
37	8	13	12	22.6698	2266.98	61.1767	0.315978
38	7	14	12	15.1764	1517.64	113.041	0.11448
39	8	14	12	21.1433	2114.33	96.1104	0.187585
40	7	15	12	36.3197	3631.97	57.2192	0.541248
41	6	16	12	27.2052	2720.52	81.2512	0.285508
42	7	16	12	9.11229	911.229	131.922	0.0588989
43	5	17	12	2.91651	291.651	152.266	0.0163327
44	6	17	12	33.4032	3340.32	69.21	0.411543
45	5	18	12	19.8666	1986.66	61.408	0.275864
46	8	13	13	22.6698	2266.98	61.1767	0.315978
47	7	14	13	15.1764	1517.64	113.041	0.11448
48	8	14	13	21.1433	2114.33	96.1104	0.187585
49	7	15	13	36.3197	3631.97	57.2192	0.541248
50	6	16	13	27.2052	2720.52	81.2512	0.285508
51	7	16	13	9.11229	911.229	131.922	0.0588989
52	5	17	13	2.91651	291.651	152.266	0.0163327
53	6	17	13	33.4032	3340.32	69.21	0.411543
54	5	18	13	19.8666	1986.66	61.408	0.275864
55	8	13	14	22.6698	2266.98	61.1767	0.315978
56	7	14	14	15.1764	1517.64	113.041	0.11448
57	8	14	14	21.1433	2114.33	96.1104	0.187585
58	7	15	14	36.3197	3631.97	57.2192	0.541248
59	6	16	14	27.2052	2720.52	81.2512	0.285508
60	7	16	14	9.11229	911.229	131.922	0.0588989
61	5	17	14	2.91651	291.651	152.266	0.0163327
62	6	17	14	33.4032	3340.32	69.21	0.411543
63	5	18	14	19.8666	1986.66	61.408	0.275864
64	8	13	15	3.933e-10	3.933e-08	61.1767	5.48193e-12
65	7	14	15	10.658	1065.8	113.041	0.0803962
66	8	14	15	14.8483	1484.83	96.1104	0.131736
67	7	15	15	25.5063	2550.63	57.2192	0.380104
68	6	16	15	19.1055	1910.55	81.2512	0.200505
69	7	16	15	6.39931	639.931	131.922	0.0413631
70	5	17	15	2.04818	204.818	152.266	0.01147
71	6	17	15	23.4581	2345.81	69.21	0.289016
72	5	18	15	13.9518	1395.18	61.408	0.193732
Transmissibility FF
N	I	J	K	ThalfX1	ThalfY1	ThalfZ1	ThalfX2	ThalfY2	ThalfZ2	TX	TY	TZ
1	8	13	8	0	5.94699	2540.21	0	11.4494	63.946	0	5.92415	62.1548
2	7	14	8	0	0	1700.56	17.1025	17.1025	1318.59	7.1464	5.04028	698.521
3	8	14	8	12.276	12.276	2369.16	0	0	1837.02	0	0	973.155
4	7	15	8	0	7.1464	4069.73	0	7.1464	3155.61	0	5.71305	1671.68
5	6	16	8	0	0	3048.42	9.54063	9.54063	2363.71	7.14683	4.28249	1252.17
6	7	16	8	28.4841	28.4841	1021.06	0	0	791.715	0	0	419.409
7	5	17	8	0	0	326.803	88.9952	88.9952	253.399	8.0871	11.3924	134.237
8	6	17	8	8.89544	7.77037	3742.92	0	0	2902.21	0	0	1537.44
9	5	18	8	0	13.0649	2226.11	0	5.63094	44.2873	0	0	43.301
10	8	13	9	0	5.94711	2218.84	0	13.1077	2218.84	0	6.78221	1109.42
11	7	14	9	0	0	1485.42	19.5796	19.5796	1485.42	8.18148	5.77032	742.708
12	8	14	9	14.0541	14.0541	2069.43	0	0	2069.43	0	0	1034.71
13	7	15	9	0	8.18148	3554.84	0	8.18148	3554.84	0	6.54052	1777.42
14	6	16	9	0	0	2662.75	10.9225	10.9225	2662.75	8.18197	4.90277	1331.38
15	7	16	9	32.6097	32.6097	891.879	0	0	891.879	0	0	445.939
16	5	17	9	0	0	285.457	101.885	101.885	285.457	8.18148	13.0425	142.729
17	6	17	9	8.89583	8.89583	3269.39	0	0	3269.39	0	0	1634.69
18	5	18	9	0	14.9572	1944.47	0	5.63104	1944.47	0	0	972.235
19	8	13	10	0	5.94711	2218.84	0	13.1077	2218.84	0	6.78221	1109.42
20	7	14	10	0	0	1485.42	19.5796	19.5796	1485.42	8.18148	5.77032	742.708
21	8	14	10	14.0541	14.0541	2069.43	0	0	2069.43	0	0	1034.71
22	7	15	10	0	8.18148	3554.84	0	8.18148	3554.84	0	6.54052	1777.42
23	6	16	10	0	0	2662.75	10.9225	10.9225	2662.75	8.18197	4.90277	1331.38
24	7	16	10	32.6097	32.6097	891.879	0	0	891.879	0	0	445.939
25	5	17	10	0	0	285.457	101.885	101.885	285.457	8.18148	13.0425	142.729
26	6	17	10	8.89583	8.89583	3269.39	0	0	3269.39	0	0	1634.69
27	5	18	10	0	14.9572	1944.47	0	5.63104	1944.47	0	0	972.235
28	8	13	11	0	5.94711	2218.84	0	13.1077	2218.84	0	6.78221	1109.42
29	7	14	11	0	0	1485.42	19.5796	19.5796	1485.42	8.18148	5.77032	742.708
30	8	14	11	14.0541	14.0541	2069.43	0	0	2069.43	0	0	1034.71
31	7	15	11	0	8.18148	3554.84	0	8.18148	3554.84	0	6.54052	1777.42
32	6	16	11	0	0	2662.75	10.9225	10.9225	2662.75	8.18197	4.90277	1331.38
33	7	16	11	32.6097	32.6097	891.879	0	0	891.879	0	0	445.939
34	5	17	11	0	0	285.457	101.885	101.885	285.457	8.18148	13.0425	142.729
35	6	17	11	8.89583	8.89583	3269.39	0	0	3269.39	0	0	1634.69
36	5	18	11	0	14.9572	1944.47	0	5.63104	1944.47	0	0	972.235
37	8	13	12	0	5.94711	2218.84	0	13.1077	2218.84	0	6.78221	1109.42
38	7	14	12	0	0	1485.42	19.5796	19.5796	1485.42	8.18148	5.77032	742.708
39	8	14	12	14.0541	14.0541	2069.43	0	0	2069.43	0	0	1034.71
40	7	15	12	0	8.18148	3554.84	0	8.18148	3554.84	0	6.54052	1777.42
41	6	16	12	0	0	2662.75	10.9225	10.9225	2662.75	8.18197	4.90277	1331.38
42	7	16	12	32.6097	32.6097	891.879	0	0	891.879	0	0	445.939
43	5	17	12	0	0	285.457	101.885	101.885	285.457	8.18148	13.0425	142.729
44	6	17	12	8.89583	8.89583	3269.39	0	0	3269.39	0	0	1634.69
45	5	18	12	0	14.9572	1944.47	0	5.63104	1944.47	0	0	972.235
46	8	13	13	0	5.94711	2218.84	0	13.1077	2218.84	0	6.78221	1109.42
47	7	14	13	0	0	1485.42	19.5796	19.5796	1485.42	8.18148	5.77032	742.708
48	8	14	13	14.0541	14.0541	2069.43	0	0	2069.43	0	0	1034.71
49	7	15	13	0	8.18148	3554.84	0	8.18148	3554.84	0	6.54052	1777.42
50	6	16	13	0	0	2662.75	10.9225	10.9225	2662.75	8.18197	4.90277	1331.38
51	7	16	13	32.6097	32.6097	891.879	0	0	891.879	0	0	445.939
52	5	17	13	0	0	285.457	101.885	101.885	285.457	8.18148	13.0425	142.729
53	6	17	13	8.89583	8.89583	3269.39	0	0	3269.39	0	0	1634.69
54	5	18	13	0	14.9572	1944.47	0	5.63104	1944.47	0	0	972.235
55	8	13	14	0	5.94711	2218.84	0	13.1077	2218.84	0	6.78221	137.514
56	7	14	14	0	0	1485.42	19.5796	19.5796	1485.42	8.18148	5.77032	646.471
57	8	14	14	14.0541	14.0541	2069.43	0	0	2069.43	0	0	900.641
58	7	15	14	0	8.18148	3554.84	0	8.18148	3554.84	0	6.54052	1547.11
59	6	16	14	0	0	2662.75	10.9225	10.9225	2662.75	8.18197	4.90277	1158.86
60	7	16	14	32.6097	32.6097	891.879	0	0	891.879	0	0	388.157
61	5	17	14	0	0	285.457	101.885	101.885	285.457	8.18148	13.0425	124.235
62	6	17	14	8.89583	8.89583	3269.39	0	0	3269.39	0	0	1422.88
63	5	18	14	0	14.9572	1944.47	0	5.63104	1944.47	0	0	49.4924
64	8	13	15	0	10.8852	146.599	0	4.60247	10.9473	0	3.13879	0
65	7	14	15	0	0	1144.63	13.7502	13.7502	2115.15	5.74563	4.05234	0
66	8	14	15	9.86979	9.86979	1594.66	0	0	2946.76	0	0	0
67	7	15	15	0	5.74563	2739.28	0	5.74563	5061.91	0	4.59323	0
68	6	16	15	0	0	2051.86	10.9185	7.67057	3791.62	8.1731	3.44308	0
69	7	16	15	32.5043	22.9009	687.262	0	0	1269.99	0	0	0
70	5	17	15	0	0	219.967	98.7607	71.5512	406.477	8.15895	9.15941	0
71	6	17	15	8.89368	6.2473	2519.32	0	0	4655.44	0	0	0
72	5	18	15	0	10.5041	50.7851	0	5.63049	2768.83	0	0	0
Intersections 
NONE
